
262069
262068
262067
262069
262068
262067
263451
263451
263464
263466
263466
263474
263473
263472
263474
263473
263472
263591
263590
263589
263591
263590
263589
263767
263766
263765
263767
263766
263765
263904
263903
263902
263904
263903
263902
264017
264043
264042
264041
264043
264042
264041
264181
264180
264179
264181
264180
264179
264239
264239
264319
264318
264317
264319
264318
264317
264457
264456
264455
264457
264456
264455
264595
264594
264593


396746
396746
396821
396820
396819
396821
396820
396819
396920
396923
396923
396960
396959
396958
396960
396959
396958
396965
396965
397032
397032
397050
397083
397083
397101
397100
397099
397101
397100
397099
397237
397236
397235
397237
397236
397235
397375
397374
397373
397375
397374
397373
397515
397514
397513
397515
397514
397513
397608
397608
397653
397652
397651
397653
397652
397651
397790
397790
397846
397844
397882
397881
397880
397904
398018
398017
398016
398018
398017
398016
398144
398144
398158
398157
398156
398158
398157
398156
398169
398169
398296
398295
398294
398296
398295
398294
398434
398433
398432
398434
398433
398432
398572
398571
398570
398572
398571
398570
398677
398675
398712
398711
398710
398712
398711
398710
398850
398849
398848
398850
398849
398848
398883
398882
398883
398885
398885
398990
398989
398988
398990
398989
398988
399110
399129
399128
399127
399239
399237
399241
399244
399244
399275
399274
399273
399337
399337
399414
399413
399412
399414
399413
399412
399520
399519
399554
399553
399552
399554
399553
399552
399691
399690
399689
399691
399690
399689
399830
399829
399828
399830
399829
399828
399967
399966
399965
399967
399966
399965
400105
400104
400103
400105
400104
400103
400196
400196
400242
400241
400240
400242
400241
400240
400345
400345
400348
400381
400380
400379
400381
400380
400379
400519
400517
400516
400519
400517
400516
400657
400656
400655
400657
400656
400655
400685
400793
400792
400791
400793
400792
400791
400931
400930
400929
400931
400930
400929
400949
400949
400959
400959
400981
400988
401073
401072
401071
401073
401072
401071
401261
401261
401263
401263
401294
401293
401292
401294
401293
401292
401302
401302
401360
401360
401435
401434
401433
401435
401434
401433
401572
401571
401570
401572
401571
401570
401710
401709
401708
401710
401709
401708
401787
401787
401848
401847
401846
401984
401983
401982
401984
401983
401982
402091
402091
402095
402095
402125
402124
402123
402125
402124
402123
402262
402261
402260
402297
402296
402295
402297
402296
402295
402405
402404
402403
402543
402542
402541
402543
402542
402541
402646
402653
402651
402683
402682
402681
402683
402682
402681
402740
402740
402761
402761
402824
402823
402822
402933
402931
402963
402962
402961
402963
402962
402961
403101
403100
403099
403101
403100
403099
403239
403238
403237
403239
403238
403237
403472
403471
403470
403472
403471
403470
403707
403706
403705
403726
403726
403735
403781
403781
403808
403808
403848
403847
403846
403848
403847
403846
403957
403960
403988
403987
403986
403988
403987
403986
404126
404125
404124
404126
404125
404124
404327
404326
404325
404327
404326
404325
404466
404465
404464
404466
404465
404464
405084
405083
405082
405084
405083
405082
405389
405388
405387
405389
405388
405387
405582
405581
405582
405581
405611
405610
405609
405611
405610
405609
405654
405654
405693
405693
405750
405749
405748
405750
405749
405748
405794
405794
405801
405845
405852
405852
405879
405879
405897
405896
405895
406035
406034
406033
406035
406034
406033
406112
406112
406174
406173
406172
406186
406186
406316
406314
406313
406316
406314
406313
406427
406430
406455
406454
406453
406455
406454
406453
406593
406592
406591
406593
406592
406591
406627
406626
406625
406627
406626
406625
406734
406733
406732
406734
406733
406732
406871
406870
406869
406871
406870
406869
406975
406975
406980
406980
407011
407010
407009
407011
407010
407009
407149
407148
407147
407149
407148
407147
407263
407262
407263
407262
407289
407288
407287
407289
407288
407287
407427
407426
407425
407427
407426
407425
407564
407563
407562
407564
407563
407562
407702
407701
407700
407812
407812
407817
407817
407851
407850
407849
407851
407850
407849
407895
408009
408008
408007
408009
408008
408007
408129
408127
408152
408151
408150
408152
408151
408150
408159
408159
408289
408288
408287
408289
408288
408287
408426
408425
408424
408564
408563
408562
408564
408563
408562
408702
408701
408700
408702
408701
408700
408840
408838
408837
408840
408838
408837
409038
409036
409062
409061
409060
409062
409061
409060
409124
409198
409197
409196
409198
409197
409196
409336
409335
409334
409336
409335
409334
409474
409473
409472
409474
409473
409472
409612
409610
409609
409612
409610
409609
409750
409749
409748
409866
409865
409866
409865
409889
409888
409887
409889
409888
409887
410027
410026
410025
410027
410026
410025
410030
410051
410064
410063
410062
410071
410076
410076
410099
410099
410171
410170
410169
410171
410170
410169
410308
410307
410306
410308
410307
410306
410412
410414
410414
410420
410419
410451
410450
410449
410588
410587
410586
410588
410587
410586
410630
410630
410705
410704
410705
410704
410727
410726
410725
410727
410726
410725
410865
410864
410863
411002
411001
411000
411002
411001
411000
411141
411140
411139
411141
411140
411139
411278
411277
411276
411278
411277
411276
411300
411300
411321
411418
411417
411416
411537
411536
411537
411536
411558
411557
411556
411558
411557
411556
411696
411695
411694
411834
411833
411832
411971
411970
411969
411971
411970
411969
412109
412108
412107
412109
412108
412107
412200
412200
412236
412236
412249
412248
412247
412451
412450
412471
412470
412469
412471
412470
412469
412609
412608
412607
412609
412608
412607
412746
412745
412744
412746
412745
412744
412886
412885
412884
412886
412885
412884
412959
412971
412971
413026
413025
413024
413026
413025
413024
413164
413163
413162
413164
413163
413162
413187
413187
413282
413282
413284
413284
413303
413302
413301
413303
413302
413301
413440
413439
413438
413440
413439
413438
413475
413474
413473
413475
413474
413473
413581
413580
413579
413581
413580
413579
413719
413718
413717
413719
413718
413717
413822
413822
413827
413827
413859
413858
413857
413997
413996
413995
413997
413996
413995
414117
414117
414121
414121
414136
414135
414134
414136
414135
414134
414275
414274
414273
414275
414274
414273
414412
414411
414410
414412
414411
414410
414550
414549
414548
414550
414549
414548
414688
414687
414686
414825
414824
414823
414825
414824
414823
414946
414951
414966
414965
414964
414966
414965
414964
415103
415102
415101
415103
415102
415101
415241
415240
415239
415241
415240
415239
415379
415378
415377
415379
415378
415377
415443
415515
415514
415513
415515
415514
415513
415569
415569
415652
415651
415650
415652
415651
415650
415751
415751
415753
415860
415860
415865
415865
415876
415875
415874
415876
415875
415874
416014
416013
416012
416152
416151
416150
416152
416151
416150
416289
416288
416287
416289
416288
416287
416427
416427
416426
416425
416452
416452
416564
416563
416562
416564
416563
416562
416689
416692
416692
416704
416703
416702
416704
416703
416702
416842
416841
416840
416842
416841
416840
416876
416875
416877
416877
416982
416981
416980
416982
416981
416980
417119
417118
417121
417119
417118
417224
417229
417229
417260
417259
417258
417260
417259
417258
417386
417386
417398
417397
417396
417398
417397
417396
417526
417525
417523
417526
417525
417523
417537
417536
417535
417537
417536
417535
417675
417674
417673
417675
417674
417673
417813
417812
417811
417951
417950
417949
417951
417950
417949
418089
418088
418087
418089
418088
418087
418134
418133
418132
418131
418130
418129
418128
418126
418139
418138
418137
418136
418134
418133
418132
418131
418130
418162
418161
418160
418159
418158
418157
418162
418161
418160
418159
418158
418157
418171
418170
418171
418170
418256
418255
418254
418256
418255
418254
418384
418386
418386
418396
418395
418394
418396
418395
418394
418534
418533
418532
418534
418533
418532
418648
418646
418682
418681
418680
418682
418681
418680
418825
418824
418823
418825
418824
418823
418998
418997
418996
418998
418997
418996
419155
419154
419153
419155
419154
419153
419360
419363
419363
419372
419371
419370
419372
419371
419370
419511
419510
419509
419511
419510
419509
419648
419647
419646
419787
419786
419785
419787
419786
419785
419924
419923
419922
420061
420060
420063
420061
420060
420191
420191
420196
420196
420202
420201
420200
420202
420201
420200
420340
420339
420338
420375
420373
420372
420375
420373
420372
420481
420480
420479
420481
420480
420479
420618
420617
420616
420618
420617
420616
420725
420723
420729
420729
420734
420747
420747
420761
420760
420759
420761
420760
420759
420899
420898
420897
420899
420898
420897
421029
421029
421033
421033
421039
421038
421037
421039
421038
421037
421177
421176
421175
421177
421176
421175
421191
421326
421325
421324
421326
421325
421324
421443
421467
421475
421474
421473
421517
421517
421531
421622
421626
421632
421632
421672
421672
421683
421682
421681
421920
421919
421918
421920
421919
421918
422084
422084
422087
422087
422093
422092
422091
422233
422232
422231
422233
422232
422231
422370
422369
422368
422892
422891
422890
422892
422891
422890
423232
423231
423230
423232
423231
423230
423430
423429
423428
423702
423705
423705
423710
423709
423708
423710
423709
423708
423849
423848
423847
423849
423848
423847
423986
423985
423984
423986
423985
423984
424124
424123
424122
424124
424123
424122
424131
424261
424260
424259
424261
424260
424259
424399
424398
424397
424399
424398
424397
424437
424436
424437
424436
424470
424482
424496
424496
424499
424499
424614
424614
424616
424616
424621
424620
424619
424621
424620
424619
424753
424751
424801
424842
424840
424839
424838
424842
424840
424839
424838
424875
424874
424873
424875
424874
424873
424975
424974
424973
425117
425116
425115
425117
425116
425115
425214
425219
425219
425256
425255
425254
425256
425255
425254
425273
425273
425284
425284
425393
425392
425391
425393
425392
425391
425481
425481
425526
425526
425535
425534
425533
425535
425534
425533
425538
425538
425672
425671
425670
425672
425671
425670
425811
425810
425809
425811
425810
425809
425948
425947
425946
426000
426000
426085
426084
426083
426085
426084
426083
426191
426191
426224
426223
426222
426233
426366
426361
426360
426359
426358
426366
426361
426360
426359
426358
426368
426368
426450
426450
426504
426503
426502
426504
426503
426502
426641
426640
426639
426778
426777
426776
426778
426777
426776
426915
426914
426913
427050
427049
427048
427050
427049
427048
427179
427179
427216
427216
427260
427259
427258
427257
427260
427259
427258
427257
427263
427398
427397
427396
427398
427397
427396
427536
427535
427534
427536
427535
427534
427674
427673
427672
427674
427673
427672
427812
427810
427809
427812
427810
427809
427950
427949
427948
427947
427950
427949
427948
427947
427958
427958
427960
427960
428027
428088
428087
428086
428088
428087
428086
428091
428091
428094
428094
428227
428226
428225
428227
428226
428225
428262
428261
428260
428262
428261
428260
428317
428317
428336
428336
428372
428371
428370
428372
428371
428370
428509
428508
428507
428539
428612
428618
428649
428648
428647
428649
428648
428647
428786
428785
428784
428924
428923
428922
428924
428923
428922
428926
428931
428931
429064
429063
429062
429064
429063
429062
429201
429200
429199
429201
429200
429199
429340
429339
429338
429477
429476
429475
429477
429476
429475
429615
429614
429613
429753
429752
429751
429753
429752
429751
429756
429756
429760
429760
429893
429892
429891
429893
429892
429891
429948
429948
430030
430029
430028
430030
430029
430028
430167
430166
430165
430167
430166
430165
430304
430303
430306
430443
430442
430441
430443
430442
430441
430653
430652
430651
430653
430652
430651
430657
430657
430661
430661
430663
430663
430672
430686
430721
430721
430797
430796
430795
430797
430796
430795
430807
430807
430933
430932
430931
430933
430932
430931
431071
431070
431069
431071
431070
431069
431209
431208
431207
431209
431208
431207
431346
431345
431344
431346
431345
431344
431360
431360
431385
431385
431476
431486
431485
431484
431486
431485
431484
431492
431492
431495
431495
431625
431624
431623
431625
431624
431623
431659
431658
431657
431659
431658
431657
431765
431764
431763
431903
431902
431901
431903
431902
431901
432007
432010
432010
432015
432014
432015
432014
432044
432043
432042
432044
432043
432042
432180
432179
432178
432180
432179
432178
432319
432318
432317
432319
432318
432317
432325
432329
432329
432458
432457
432456
432458
432457
432456
432596
432595
432594
432596
432595
432594
432734
432733
432732
432734
432733
432732
432871
432870
432869
432871
432870
432869
432881
433001
433001
433009
433008
433007
433009
433008
433007
433011
433011
433024
433024
433034
433152
433151
433150
433152
433151
433150
433159
433159
433163
433292
433290
433289
433292
433290
433289
433428
433427
433426
433428
433427
433426
433567
433566
433565
433567
433566
433565
433704
433703
433702
433772
433802
433844
433843
433842
433844
433843
433842
434081
434080
434079
434081
434080
434079
434090
434095
434095
434221
434219
434218
434221
434219
434218
434359
434358
434357
434359
434358
434357
434426
434429
434429
434432
434432
434467
434500
434499
434498
434638
434637
434636
434776
434775
434774
434776
434775
434774
434913
434912
434911
434913
434912
434911
434923
434923
434928
434928
435054
435053
435052
435054
435053
435052
435088
435087
435086
435088
435087
435086
435194
435193
435192
435194
435193
435192
435332
435331
435330
435436
435436
435441
435441
435472
435471
435470
435472
435471
435470
435609
435608
435607
435748
435747
435746
435748
435747
435746
435758
435758
435762
435762
435887
435886
435885
435887
435886
435885
436025
436024
436023
436163
436162
436161
436163
436162
436161
436300
436299
436298
436300
436299
436298
436439
436438
436437
436439
436438
436437
436576
436575
436574
436576
436575
436574
436587
436592
436592
436716
436715
436714
436716
436715
436714
436854
436853
436852
436854
436853
436852
436991
436990
436989
437127
437127
437131
437130
437129
437131
437130
437129
437144
437238
437261
437271
437270
437269
437271
437270
437269
437481
437480
437479
437493
437493
437498
437621
437620
437619
437621
437620
437619
437758
437757
437756
437758
437757
437756
437899
437898
437897
437899
437898
437897
438036
438035
438034
438174
438173
438172
438312
438311
438310
438325
438331
438451
438450
438449
438451
438450
438449
438484
438483
438482
438484
438483
438482
438593
438592
438591
438593
438592
438591
438730
438729
438728
438730
438729
438728
438835
438833
438841
438841
438871
438870
438869
438871
438870
438869
439009
439008
439007
439009
439008
439007
439146
439145
439144
439146
439145
439144
439161
439167
439167
439287
439286
439285
439287
439286
439285
439424
439423
439422
439424
439423
439422
439562
439561
439560
439696
439696
439701
439700
439699
439720
439720
439839
439838
439837
439839
439838
439837
439977
439976
439978
439978
439993
439999
440117
440116
440115
440255
440254
440253
440260
440260
440266
440266
440395
440394
440393
440395
440394
440393
440532
440531
440530
440532
440531
440530
440670
440669
440668
440670
440669
440668
440857
440881
440880
440879
440881
440880
440879
440885
440885
440899
440899
440902
440902
440905
440905
440910
440910
441023
441022
441021
441023
441022
441021
441162
441161
441160
441162
441161
441160
441299
441298
441297
441299
441298
441297
441437
441436
441435
441437
441436
441435
441575
441574
441573
441575
441574
441573
441713
441711
441710
441713
441711
441710
441730
441730
441736
441736
441853
441852
441851
441853
441852
441851
441885
441884
441883
441885
441884
441883
441993
441992
441991
442131
442130
442129
442131
442130
442129
442237
442233
442243
442243
442247
442247
442260
442260
442274
442273
442272
442274
442273
442272
442411
442410
442409
442411
442410
442409
442549
442547
442549
442547
442550
442550
442567
442574
442691
442690
442689
442691
442690
442689
442829
442828
442827
442967
442966
442965
442967
442966
442965
443026
443026
483742
483741
483740
483742
483741
483740
483957
483957
484091
484090
484089
484091
484090
484089
484547
484546
484545
484547
484546
484545
484916
484915
484914
484916
484915
484914
484919
484919
485288
485287
485286
485288
485287
485286
485637
485637
485654
485653
485652
485654
485653
485652
485815
485846
486022
486022
486029
486027
486026
486029
486027
486026
486100
486147
486147
486271
486271
486403
486402
486401
486773
486772
486771
486773
486772
486771
487143
487142
487141
487143
487142
487141
487151
487151
487235
487233
487232
487235
487233
487232
487517
487516
487515
487517
487516
487515
487888
487887
487886
488261
488260
488259
488261
488260
488259
488506
488506
488631
488630
488629
488631
488630
488629
489002
489001
489000
489002
489001
489000
489371
489370
489369
489371
489370
489369
489383
489383
489744
489743
489742
489744
489743
489742
490116
490115
490114
490116
490115
490114
490486
490485
490484
490486
490485
490484
490737
490737
490857
490856
490855
490857
490856
490855
491226
491225
491224
491226
491225
491224
491597
491596
491595
491597
491596
491595
491609
491609
491967
491966
491965
491967
491966
491965
492337
492336
492335
492337
492336
492335
492709
492708
492707
492709
492708
492707
492968
492968
493080
493079
493078
493080
493079
493078
493537
493536
493535
493537
493536
493535
493907
493906
493905
493907
493906
493905
493926
493926
494114
494170
494169
494168
494167
494170
494169
494168
494167
494285
494284
494283
494285
494284
494283
494657
494656
494655
495026
495025
495024
495026
495025
495024
495284
495284
495392
495391
495390
495392
495391
495390
495763
495762
495761
495763
495762
495761
496132
496131
496130
496151
496151
496224
496223
496222
496507
496506
496509
496507
496506
496880
496879
496878
496880
496879
496878
496888
496888
496900
496900
497252
497251
497250
497252
497251
497250
497520
497623
497622
497621
497623
497622
497621
497992
497991
497990
497992
497991
497990
498363
498362
498361
498382
498382
498733
498732
498731
498733
498732
498731
499107
499106
499105
499107
499106
499105
499477
499476
499475
499477
499476
499475
499746
499746
499848
499846
499845
499848
499846
499845
500218
500217
500216
500218
500217
500216
500587
500586
500585
500587
500586
500585
500612
500612
500960
500959
500958
500960
500959
500958
501332
501331
501330
501332
501331
501330
501701
501700
501699
501701
501700
501699
